800002000
006010050
013400700
130060002
004000300
900030087
005001970
090080200
000200004

020070003
000900006
060030250
000000041
601000807
830000000
097050010
300008000
500090030

000090007
045000092
000018400
006900001
050000080
400003700
004160000
230000950
900030000

000900000
501020007
930000020
700092600
000405000
008760003
090000074
200040806
000003000

005300000
704050000
900208010
000003080
007000600
080100000
070905003
000060704
000007900

800090400
009000058
070084003
000160000
162000749
000049000
200470080
750000100
004030002

